01011010

00000000 01110001

01011010 01110001
00101101 00111000

00101101 00111000 <

00101101 00111000
00010110 10011100

00010110 10011100 <

00010110 10011100
00001011 01001110

00001011 01001110 <

00001011 01001110
00000101 10100111

00000101 10100111 <

01011111 10100111
00101111 11010011

00101111 11010011 <

10001001 11010011
01000100 11101001

01000100 11101001 <

10011110 11101001
01001111 01110100

01001111 01110100 <
 
01001111 01110100
00100111 10111010

00100111 10111010 <



0b10110100111000
0b1011010011100
0b101101001110
0b10110100111
0b10111111010011
0b100010011101001
0b100111101110100
0b10011110111010

0b10011110111010
0b10011110111010

0011 0001

0000 0000 0111 0001
0000 0000 1110 0010 sr


